0,			50000,		0	
5, 			50000,		0.12
10, 		50000,		0.26
15, 		50000,		0.35
20, 		50000,		0.45
25, 		50000,		0.58		
30, 		50000,		0.75
40, 		50000,		0.90
45, 		50000,		0.95
50, 		50000,		0.98	
60, 		50000,		1.0
80, 		50000,		1.02
140, 		50000,		1.0
180, 		50000,		1.0
0,			200000,		0	
5, 			200000,		0.08
10, 		200000,		0.15
15, 		200000,		0.24
20, 		200000,		0.32
25, 		200000,		0.43
30, 		200000,		0.6
40, 		200000,		0.82
45, 		200000,		0.88
50, 		200000,		0.93
60,			200000,		0.95
80, 		200000,		0.95
140, 		200000,		0.97
180, 		200000,		0.99
0,			600000,		0
5, 			600000,		0.04
10, 		600000,		0.09
15, 		600000,		0.18
20, 		600000,		0.25
25, 		600000,		0.37
30, 		600000,		0.52
40, 		600000,		0.77
45, 		600000,		0.82
50, 		600000,		0.88
60, 		600000,		0.91
80, 		600000,		0.95
140, 		600000,		0.95
180, 		600000,		0.98